,baby_laughing,baby_singing,beach,boiling_water_with_kettle,bird_singing,boxing,bubble_wrap_popping,cat_meowing,child_crying,chainsaw_cutting,cow_moo,dolphin_call,dot_matrix_printer,drinking_sounds,donkey_braying,drum_roll,finger_snapping,eating_sounds,glass_breaking,hammer_a_nail,guitar_plucking,helicopter_landing,horse_neighing,key_open_a_door,kid_screaming,lighter,interview,lion_roar,mud_bubbling,male_choir,people_running,person_laughing,person_singing,person_speaking_in_natural_scene,piano_player,pig_oink,plane_taking_off,police_car_with_siren,rain,rooster_crowing,snowfall,sweep,river,tearing_paper,typing_keyboard,wind,fireplace,walking_on_gravel,heartbeat,steam_train
baby_laughing,1.0,0.8664667894732421,0.5497805111891018,-0.37945504351336434,0.027726055169030893,0.158811127243255,-0.2202725003381727,0.27316313772497436,0.7486532085889469,-0.03311703431761701,0.0884729219539038,0.5396095229899851,-0.3424281866944173,-0.30085603545937206,-0.07829976618363382,-0.1937470722538179,-0.2370064299887533,0.46990665114514324,-0.027864737503259875,-0.2710900402347127,-0.11904531059843335,0.5900982929698076,-0.05609263428722064,-0.025311162102883922,0.8904417786078843,0.14870667727885206,-0.3010283914856323,0.35370521737902694,-0.12155700715634854,-0.04146142756845214,0.38544931951533473,0.3098208721323183,0.026187592489814362,0.6870660823169683,-0.18850709873792854,0.5700555243517113,0.599929244495987,0.6481411009876638,-0.1633206159736598,0.12243888012345505,-0.30092575714864833,0.15321891549531866,-0.22882639974398555,-0.07047860154486338,-0.33042415830741584,-0.2829124178991461,0.2859202017908171,-0.06472921491288017,-0.005230351285915426,0.5901816878375422
baby_singing,0.8664667894732421,1.0,0.606351434793735,-0.24054958274114627,0.289980387717968,0.13023872032209852,-0.32004752869499825,0.41885702738915637,0.7039354096037791,0.07974708782081714,0.2922476240322839,0.620142532415024,-0.37750731064346854,-0.16912556383589455,0.19208742869485274,-0.25773834641055743,-0.32723409769670203,0.3449112249360162,0.11143353556547345,-0.17881860672155075,-0.18645655469539474,0.40597687148812794,0.18401315512967367,-0.19081317720930904,0.8312937206663619,0.005463450156555024,-0.2594160874020768,0.5005468134121125,0.014567457763062333,-0.011688543805612194,0.3976889935918226,0.21918947257721766,0.03982223930751299,0.5941249759575027,-0.2459806302184531,0.6632145649580065,0.4025753161163705,0.4565553223845933,0.04794866636669396,0.38132287040156304,-0.12794393926870368,-0.049557036302917565,-0.011499661472794822,-0.1892518646859677,-0.33047753477542396,-0.09265117176186462,0.11915442762993106,0.05188319701532201,-0.12842829458676824,0.3809630180820975
beach,0.5497805111891018,0.606351434793735,1.0,-0.41041073810993317,0.4546985143001368,-0.26330535386297704,-0.7637314482287527,0.7693961565616464,0.13273960509207158,-0.22763857525832523,0.5823786260171063,0.9718370840748786,-0.7697136343587658,-0.43715458804895735,0.44967834255533295,-0.5951133047123167,-0.7626579018062604,-0.0959665544156343,-0.02493146146994355,-0.33242449103433724,-0.6163763570949882,0.4196617854761287,0.4864765303586731,-0.6008017499723202,0.511485228054602,-0.43553513116615167,-0.6593070315280841,0.7711349229878541,0.03105074111794822,-0.47326594647390186,0.24783531330602626,-0.2973344168473339,-0.46489925151620726,0.24843641771380154,-0.7028095397222406,0.8521386283071233,0.4537209993544559,0.2748544596944524,0.23752024425854723,0.5676789540606647,-0.00449352571234178,-0.41664803769318787,0.24590994298962676,-0.6806406731365867,-0.7467645626214132,-0.018271336257639274,-0.2570469910096755,-0.3094781871856257,-0.6170728072674261,0.2806424492059659
boiling_water_with_kettle,-0.37945504351336434,-0.24054958274114627,-0.41041073810993317,1.0,0.3811644322681021,0.6179435012598955,0.321697838071504,-0.014214786035136946,-0.1811864321830094,0.7467334658267871,0.1395698145123058,-0.30276639823206714,0.5578043596136629,0.9628807655163378,0.29836853263042235,0.5424679380020627,0.37502957802448944,0.0020629158903170625,0.5435345178128509,0.7043482840247823,0.5515465191859689,-0.7133266368751624,0.30714959483551935,0.0017479718737803624,-0.21177124531533148,-0.06279404952412962,0.756542354793512,-0.054614149056346664,0.5943471734636254,0.7705477301119759,0.3977183765534364,0.39433027049079283,0.6898172445383406,-0.21423528446257734,0.5656522157988727,-0.29986255949072,-0.6566672909008926,-0.5299550735943801,0.5295547383410035,0.23805465553662536,0.6855688142591932,-0.07528986232859261,0.4945343518031047,0.22325578277823924,0.695294896584013,0.691622736515243,-0.23038554140654582,0.7628320398524754,0.34726434891144764,-0.6247868561214178
bird_singing,0.027726055169030893,0.289980387717968,0.4546985143001368,0.3811644322681021,1.0,0.16120564942758328,-0.5225854194334657,0.7327457828705359,-0.08331270540943163,0.32745862186048386,0.8291905946776409,0.5577362808802325,-0.23798296535647187,0.38756510182310194,0.8348471776739204,-0.18692363164103154,-0.4688768474454021,-0.2406870866127271,0.4970181031786042,0.29625167837009636,-0.2113277361918324,-0.36584948038995013,0.8360195037490005,-0.6579016684457308,0.146268096813735,-0.5735856393773839,0.05825443358480558,0.7610194915138765,0.5066252639486051,0.09579937556866475,0.39890145396156257,-0.11791661334929905,0.09618212200266046,-0.11268890867833707,-0.23767391836689458,0.5825937290080331,-0.32909306386595355,-0.41312671845389287,0.8161947889787706,0.9705843928629065,0.5488968240190151,-0.6176804769489703,0.7668942340273042,-0.528084378345459,-0.09911206033724747,0.59425785927133,-0.6115877132722805,0.24538377915301146,-0.4255614712739446,-0.46556954648165033
boxing,0.158811127243255,0.13023872032209852,-0.26330535386297704,0.6179435012598955,0.16120564942758328,1.0,0.4814024300296282,-0.04047827608869048,0.28509210462159734,0.6958839210447406,0.011370478550261905,-0.2025909598481279,0.5666958761800305,0.7053977998365191,0.01736243817909443,0.5177856327802642,0.4859666948167215,0.4440437144220704,0.5084394628138127,0.5878040731485403,0.6179394857456625,-0.3024021771586308,-0.002214049438821098,0.24989570590514104,0.2262133453844216,0.2726935613450788,0.7420754298670786,-0.06628923684106275,0.41257670722061307,0.7993454535118875,0.7194074071069539,0.6019509086151698,0.7409022720839679,0.2871714805125906,0.6499127173049039,-0.11837998150478858,-0.26625982054251823,-0.023507146136187745,0.17694643107057909,0.08186209812952647,0.3199074337964562,0.2635851048629986,0.14915682163312563,0.4256363761961406,0.6712998424491602,0.3308313688175119,0.13886520029804747,0.6627076918659156,0.48541908904120135,-0.17812862058868187
bubble_wrap_popping,-0.2202725003381727,-0.32004752869499825,-0.7637314482287527,0.321697838071504,-0.5225854194334657,0.4814024300296282,1.0,-0.6773845893176585,0.15772242411930085,0.28176732124552606,-0.5770787236691783,-0.7718439074907729,0.8109261849498811,0.39740883572556557,-0.5148270813652487,0.7059928613719495,0.9872436036871038,0.483327351571074,-0.037594576996917914,0.2847105910509603,0.7273719155243498,-0.12574574674935804,-0.53501012782328,0.8525506066727907,-0.17202133524791552,0.7684794422416933,0.6659162400002636,-0.7207272598515133,-0.13451848855747667,0.653172811489692,-0.00920450239293929,0.6209157976137661,0.6574416912107425,0.17555283946067973,0.7988957574636344,-0.7148159332510318,-0.14423024005978413,0.12634697084895277,-0.4389540054550297,-0.6013348963405956,-0.18640755157880348,0.7611695927864681,-0.4075481734286805,0.9041403419019193,0.7522427966890193,-0.17366529242274897,0.594107688005745,0.34522761515457034,0.7152655228968937,0.06430366170781118
cat_meowing,0.27316313772497436,0.41885702738915637,0.7693961565616464,-0.014214786035136946,0.7327457828705359,-0.04047827608869048,-0.6773845893176585,1.0,0.06347137750490903,0.1438129246384732,0.8586957740439677,0.8274490015579631,-0.5425586110351227,-0.039404275037133354,0.8098475783707261,-0.39900186729766096,-0.6532355803569204,-0.16091224521761058,0.2732360990403737,0.07409935125529601,-0.47130181440602914,0.06477544552195257,0.8555711910678071,-0.6751967053748075,0.30258021268325924,-0.5492653742835221,-0.34741327283019313,0.9558567034753693,0.3796407206304457,-0.2052893715925847,0.40783242702061717,-0.2066912444120842,-0.2190403505452995,0.10885842320768838,-0.5174532233557775,0.8781198050823902,0.10567889825380329,-0.05941657869259637,0.6045257268352595,0.783212367973192,0.384938615192288,-0.5520896296757666,0.5902359858482519,-0.6548586917724343,-0.5245417680613703,0.37704552492813753,-0.45370377132894407,0.050735210750762316,-0.5984070571532731,-0.11201557630538715
child_crying,0.7486532085889469,0.7039354096037791,0.13273960509207158,-0.1811864321830094,-0.08331270540943163,0.28509210462159734,0.15772242411930085,0.06347137750490903,1.0,0.07698985548010472,-0.07919987811642606,0.10401682834991167,-0.019620373598616275,-0.07000861488763356,-0.12207769555952049,0.07149164419814945,0.1526974862814515,0.6774814357989604,-0.01074298520863755,-0.18321921080676662,0.15786757196858808,0.563139714165142,-0.1277131679045962,0.3168409080939176,0.6867287661279601,0.5056218820450296,-0.04497899281713132,0.1327895498106166,-0.11975860617446128,0.25873932648020387,0.32305001843484876,0.5135705814584653,0.3368032444147171,0.7478093839811508,0.14933611345484715,0.3500725751108997,0.5219454324398043,0.6493959890682408,-0.2231336701366895,-0.016596282030605942,-0.30405474116557374,0.43427318580020985,-0.23920894445282806,0.2669041861315323,-0.03676866936495666,-0.2885260343438297,0.565503219174785,0.11155234407732754,0.27984412481964777,0.5885233929912276
chainsaw_cutting,-0.03311703431761701,0.07974708782081714,-0.22763857525832523,0.7467334658267871,0.32745862186048386,0.6958839210447406,0.28176732124552606,0.1438129246384732,0.07698985548010472,1.0,0.16848182090245759,-0.11580935520129952,0.5272115754722547,0.7797301566659296,0.3519910486374327,0.4600617388680368,0.29793566019228634,0.16840221941007058,0.7104744108076141,0.8649839056676082,0.4784109467340868,-0.5349683888449063,0.31343483228210883,-0.027520726082612936,0.11623998035715886,-0.08112166814373835,0.6936040903261841,0.13313596647433992,0.6973693544026127,0.6871013981297579,0.6156570207714506,0.5405173750890161,0.6371972497953915,0.042288305830047994,0.5027235716520508,-0.052255468134137006,-0.4580554759900889,-0.32382443853901,0.4217723203270318,0.22944012168002012,0.6904424255756934,-0.031119321964033105,0.3356097204231059,0.21658850973616786,0.5579600991298267,0.670265572339625,-0.21877126795792265,0.9665390610080485,0.25551806869433125,-0.472845707978518
cow_moo,0.0884729219539038,0.2922476240322839,0.5823786260171063,0.1395698145123058,0.8291905946776409,0.011370478550261905,-0.5770787236691783,0.8586957740439677,-0.07919987811642606,0.16848182090245759,1.0,0.6533742485307437,-0.3402544666793675,0.1229324435549538,0.8344661987506632,-0.2730366347840759,-0.546063677159404,-0.2112792744418574,0.4576326523143849,0.21992265015794318,-0.3566900015223731,-0.1987077931598384,0.8605166436198407,-0.662727236777393,0.1649404428635349,-0.5567919771832444,-0.1186485300062464,0.8358178924679428,0.4903792956704171,-0.10257500481067883,0.4413613771522955,-0.2079587298573059,-0.12157951176572855,-0.010648541771538247,-0.38406266170406506,0.7399064467665408,-0.17442576690772102,-0.26896435645409483,0.7573542764543054,0.8448116764564174,0.46701168885471983,-0.616990585133812,0.7343132548274419,-0.5915087424108618,-0.28190397814275014,0.5188900683059959,-0.5314182572889669,0.05056701817023003,-0.5217354898066601,-0.3254175390469077
dolphin_call,0.5396095229899851,0.620142532415024,0.9718370840748786,-0.30276639823206714,0.5577362808802325,-0.2025909598481279,-0.7718439074907729,0.8274490015579631,0.10401682834991167,-0.11580935520129952,0.6533742485307437,1.0,-0.7449980805172024,-0.329169762089266,0.5285640103674263,-0.5797578327181448,-0.7675591925592823,-0.1556460499555786,0.01860135381876277,-0.23074164932629393,-0.6039634569949676,0.29602189792160843,0.5753986874694803,-0.6631243655773376,0.5057654459001596,-0.5129405095968221,-0.5875875128064364,0.8450111660813179,0.09612376679643968,-0.41974942364652,0.2800699536322464,-0.2952176008231216,-0.41439383906061694,0.1849470824735649,-0.6910931127805986,0.8673496001043531,0.33593832313848015,0.17296359797825,0.31990867139185125,0.6520109983878913,0.0828248647039522,-0.49108737168287964,0.2969510972428009,-0.7068235592178956,-0.7098090767492342,0.0788683870320849,-0.35286791439895654,-0.20389822670350488,-0.6373602942530685,0.15782510407132053
dot_matrix_printer,-0.3424281866944173,-0.37750731064346854,-0.7697136343587658,0.5578043596136629,-0.23798296535647187,0.5666958761800305,0.8109261849498811,-0.5425586110351227,-0.019620373598616275,0.5272115754722547,-0.3402544666793675,-0.7449980805172024,1.0,0.630873542096127,-0.2683431322790683,0.8149831504415177,0.8322420062404234,0.29936361622603436,0.364574466510086,0.5992191911977953,0.8414498657261191,-0.4393397702938434,-0.3126288150523627,0.6387980226233253,-0.23501088903553974,0.4814093409880973,0.8202695955969931,-0.5769088564777194,0.23657225581297037,0.7363120874990592,0.15562592842873654,0.6220214462600303,0.7215851852606836,-0.02907369426287116,0.9133862158785835,-0.6427062055094888,-0.4241605409399894,-0.20737791894769902,-0.08114227696188848,-0.35555117558776905,0.17210088751869615,0.478199424151099,-0.07337103555267879,0.8196322296202389,0.8824119883413469,0.17030885164820145,0.27607845001703835,0.5512999584058053,0.6416820140117396,-0.2602799913599229
drinking_sounds,-0.30085603545937206,-0.16912556383589455,-0.43715458804895735,0.9628807655163378,0.38756510182310194,0.7053977998365191,0.39740883572556557,-0.039404275037133354,-0.07000861488763356,0.7797301566659296,0.1229324435549538,-0.329169762089266,0.630873542096127,1.0,0.2812535838832283,0.6081134767794599,0.44930635406268005,0.09176163849555061,0.5670499608859735,0.7263580254429608,0.6386885688328668,-0.6608596372050138,0.2737831496490124,0.08527980618396676,-0.12592934591607946,0.024735610978242936,0.8207075186223263,-0.0711761344707349,0.5652712260233841,0.8475780980541647,0.44035467965080716,0.5030974609235074,0.7858979068427365,-0.14007499703752707,0.6591059583115773,-0.2928568741740031,-0.610260873481586,-0.45382829770811867,0.48380877732065564,0.23858304160860605,0.6333243714262284,0.017357111055439432,0.4510587961198139,0.3155510531940283,0.7546910463490683,0.6506340934754358,-0.16635687253360754,0.7927598105106761,0.4116880586560725,-0.568969864383273
donkey_braying,-0.07829976618363382,0.19208742869485274,0.44967834255533295,0.29836853263042235,0.8348471776739204,0.01736243817909443,-0.5148270813652487,0.8098475783707261,-0.12207769555952049,0.3519910486374327,0.8344661987506632,0.5285640103674263,-0.2683431322790683,0.2812535838832283,1.0,-0.21952804921966185,-0.4864115123170345,-0.25049328306760776,0.484047041176333,0.3435024271218172,-0.30633007354864955,-0.30496373446020697,0.9468824311966891,-0.6740580943121168,0.05346668765243336,-0.6010577994595279,-0.017044692825999123,0.7710527311107362,0.5481930399435883,0.008356550963195828,0.318964607255023,-0.15135519388821128,-0.016701048271601432,-0.11356049138623933,-0.30567734187847495,0.6112650500648219,-0.2707762446223742,-0.38184854859565714,0.7781446806595238,0.8167497191358876,0.5955637230666692,-0.633888963358048,0.7704120136573468,-0.5646820498494495,-0.20471174218193058,0.6264338209420215,-0.5982624276447237,0.2748895729437283,-0.4674720860993382,-0.4568292438191396
drum_roll,-0.1937470722538179,-0.25773834641055743,-0.5951133047123167,0.5424679380020627,-0.18692363164103154,0.5177856327802642,0.7059928613719495,-0.39900186729766096,0.07149164419814945,0.4600617388680368,-0.2730366347840759,-0.5797578327181448,0.8149831504415177,0.6081134767794599,-0.21952804921966185,1.0,0.7309806917681307,0.3296660602080749,0.24272958535498046,0.5361521681260717,0.9050591871784616,-0.24662000941478238,-0.2568697683648808,0.613572296311252,-0.037525777025345854,0.4942835860528745,0.7390379682740528,-0.4335274046561806,0.1750045533703284,0.7875416074319299,0.16369029476230032,0.7190155418238278,0.7986511279505908,0.07344584745634603,0.8681046604443757,-0.5034965234559428,-0.2346052015146628,-0.022740966361849184,-0.12901235824051846,-0.3025683558345123,0.1282659570814717,0.4954819144733213,-0.1206688812130995,0.759055508219594,0.7740699822022097,0.11814142418069157,0.3299401655651645,0.5204016674849248,0.7335055053250668,-0.08056175515355535
finger_snapping,-0.2370064299887533,-0.32723409769670203,-0.7626579018062604,0.37502957802448944,-0.4688768474454021,0.4859666948167215,0.9872436036871038,-0.6532355803569204,0.1526974862814515,0.29793566019228634,-0.546063677159404,-0.7675591925592823,0.8322420062404234,0.44930635406268005,-0.4864115123170345,0.7309806917681307,1.0,0.4837128884296583,-0.004797478716417718,0.3055993715776113,0.7483338060351125,-0.1641104206675073,-0.48994377539383566,0.8326463538268251,-0.17916600183358744,0.7571713541863262,0.676506805056036,-0.6952219687479578,-0.10046606604110431,0.6788958898733078,-0.004432739466775881,0.637939014817148,0.6840981772028185,0.17278889536824243,0.8181881138206285,-0.7020779462593438,-0.172067251783271,0.08253247182031744,-0.3848199531227654,-0.556226933902104,-0.13839281816683707,0.7415460442947238,-0.353981705706323,0.9013751638969922,0.7692694458236168,-0.12727227072454375,0.5783588973723746,0.3660338290409547,0.7171797112206914,0.02174538543117597
eating_sounds,0.46990665114514324,0.3449112249360162,-0.0959665544156343,0.0020629158903170625,-0.2406870866127271,0.4440437144220704,0.483327351571074,-0.16091224521761058,0.6774814357989604,0.16840221941007058,-0.2112792744418574,-0.1556460499555786,0.29936361622603436,0.09176163849555061,-0.25049328306760776,0.3296660602080749,0.4837128884296583,1.0,0.04668186778020753,-0.006923506245372407,0.36611837600603603,0.40337408815356973,-0.2606212172979401,0.45393969808651286,0.5077735198180012,0.6482925399590536,0.24697162568940081,-0.1490671770800083,-0.08767652924312971,0.46443119374121083,0.3436983361441426,0.658479529630699,0.5098971820113186,0.9117940876423969,0.39086939027734874,0.02746416498462945,0.4137931768561623,0.6432836413938969,-0.31330771330111234,-0.20226029797148415,-0.2556709205184106,0.6080876916512507,-0.294199884939785,0.49071816965182175,0.3060182449474935,-0.2525600277675388,0.6958098419392351,0.19708423183849824,0.5917001190471528,0.5030894547089115
glass_breaking,-0.027864737503259875,0.11143353556547345,-0.02493146146994355,0.5435345178128509,0.4970181031786042,0.5084394628138127,-0.037594576996917914,0.2732360990403737,-0.01074298520863755,0.7104744108076141,0.4576326523143849,0.01860135381876277,0.364574466510086,0.5670499608859735,0.484047041176333,0.24272958535498046,-0.004797478716417718,0.04668186778020753,1.0,0.7412422302992053,0.2582585055002162,-0.5270181190479758,0.45642904884419716,-0.25225192342099445,0.11184985337428131,-0.27642888177578995,0.5485034278851793,0.29762282061081036,0.8572117595166849,0.4250658115593722,0.6701610725969755,0.3051271684355044,0.34867050312122705,0.008967678120098164,0.2858714551092375,0.19196534630959577,-0.4635813055235089,-0.4409214413011625,0.6841495213162553,0.43742215319609135,0.7839600639131427,-0.2913430086764261,0.6094139993446099,-0.006433950801290287,0.4368199750701513,0.8089081516321687,-0.39607851806951355,0.636614721351518,0.02006169893987305,-0.5168516058284558
hammer_a_nail,-0.2710900402347127,-0.17881860672155075,-0.33242449103433724,0.7043482840247823,0.29625167837009636,0.5878040731485403,0.2847105910509603,0.07409935125529601,-0.18321921080676662,0.8649839056676082,0.21992265015794318,-0.23074164932629393,0.5992191911977953,0.7263580254429608,0.3435024271218172,0.5361521681260717,0.3055993715776113,-0.006923506245372407,0.7412422302992053,1.0,0.4829535352119062,-0.6861404393541772,0.32244862942821567,-0.04557830993471699,-0.1219717768382665,-0.14024078618735739,0.7028050484266957,0.06942770451024367,0.7037388029463411,0.5683811326783234,0.4966178872931841,0.38718911398677586,0.5127318558233058,-0.16266755462182378,0.508546852688564,-0.1543061788320955,-0.6444300492062235,-0.47558947262155227,0.4154991358247485,0.16694229857767137,0.7226897880094393,-0.12210426639704774,0.3445489469816918,0.19791961096774535,0.5799813813353057,0.7097960517394003,-0.32523726355451715,0.8294554474055871,0.2108526349913587,-0.6131752314922235
guitar_plucking,-0.11904531059843335,-0.18645655469539474,-0.6163763570949882,0.5515465191859689,-0.2113277361918324,0.6179394857456625,0.7273719155243498,-0.47130181440602914,0.15786757196858808,0.4784109467340868,-0.3566900015223731,-0.6039634569949676,0.8414498657261191,0.6386885688328668,-0.30633007354864955,0.9050591871784616,0.7483338060351125,0.36611837600603603,0.2582585055002162,0.4829535352119062,1.0,-0.23596845407719944,-0.32187345730765166,0.6619203347088304,0.009355339618820579,0.5488334140429675,0.7670124623185733,-0.5101266880420309,0.14023939756875312,0.8457138237227684,0.2455651450369516,0.7393041027774898,0.839830183495018,0.08552451544621963,0.9638391155008527,-0.5553648984133225,-0.19932181186219816,-0.013618703813718214,-0.16582752922035712,-0.32828002045929017,0.08801373542570753,0.5754360674929788,-0.1457248985985008,0.7787251955714192,0.8043377369581748,0.05727654282344449,0.35523399466839345,0.5463457972107003,0.7573416108234176,-0.048217897534843034
helicopter_landing,0.5900982929698076,0.40597687148812794,0.4196617854761287,-0.7133266368751624,-0.36584948038995013,-0.3024021771586308,-0.12574574674935804,0.06477544552195257,0.563139714165142,-0.5349683888449063,-0.1987077931598384,0.29602189792160843,-0.4393397702938434,-0.6608596372050138,-0.30496373446020697,-0.24662000941478238,-0.1641104206675073,0.40337408815356973,-0.5270181190479758,-0.6861404393541772,-0.23596845407719944,1.0,-0.2871706929555094,0.2287917094666452,0.4478042041983569,0.34772070152366175,-0.5830254880832734,0.06616064504008518,-0.5323169891972379,-0.33181044013211364,-0.11340679159546391,0.06280176615622977,-0.2606576695165275,0.5668843561093291,-0.2737807630519371,0.335073202989625,0.968714023513389,0.853532956517542,-0.53146516407634,-0.2480258662780573,-0.6403892144465991,0.3925065713072048,-0.4568177259424406,0.0006105044999644032,-0.5128512728766111,-0.6822459171069711,0.5587667582161132,-0.5159496327176109,0.020855389046222843,0.917077747939237
horse_neighing,-0.05609263428722064,0.18401315512967367,0.4864765303586731,0.30714959483551935,0.8360195037490005,-0.002214049438821098,-0.53501012782328,0.8555711910678071,-0.1277131679045962,0.31343483228210883,0.8605166436198407,0.5753986874694803,-0.3126288150523627,0.2737831496490124,0.9468824311966891,-0.2568697683648808,-0.48994377539383566,-0.2606212172979401,0.45642904884419716,0.32244862942821567,-0.32187345730765166,-0.2871706929555094,1.0,-0.6865596014110357,0.041373061708167465,-0.6037641939417767,-0.08551741585521722,0.8160248777662227,0.5396513275244161,-0.028797052181969398,0.34241771646615043,-0.1843179278313813,-0.05774922097879285,-0.1068567636430391,-0.3293872615872267,0.6409099122491017,-0.23510660637634861,-0.3803652364976541,0.7901050944546809,0.820788035452939,0.6091551521401948,-0.6143916249424175,0.7793565761159865,-0.61238871510322,-0.26177525357407283,0.6297859807862458,-0.5870700648667228,0.24340453606036294,-0.5066412875243897,-0.4584036626424432
key_open_a_door,-0.025311162102883922,-0.19081317720930904,-0.6008017499723202,0.0017479718737803624,-0.6579016684457308,0.24989570590514104,0.8525506066727907,-0.6751967053748075,0.3168409080939176,-0.027520726082612936,-0.662727236777393,-0.6631243655773376,0.6387980226233253,0.08527980618396676,-0.6740580943121168,0.613572296311252,0.8326463538268251,0.45393969808651286,-0.25225192342099445,-0.04557830993471699,0.6619203347088304,0.2287917094666452,-0.6865596014110357,1.0,-0.02903828726554926,0.881051761664136,0.3668866768721193,-0.7028777098298211,-0.32676901933716723,0.4737378964519431,-0.14192631162818078,0.5710267932904107,0.49897332968054925,0.23543011894736363,0.6995391574379205,-0.5928870209137773,0.19916999923917825,0.35326996971539665,-0.6134244441758703,-0.6799294368098743,-0.45794428796059244,0.8740761708160453,-0.5550991393862109,0.9126901428226103,0.49334770352791607,-0.4665551467839237,0.771384725263979,0.04968908992405894,0.6248482113904842,0.4240231960834154
kid_screaming,0.8904417786078843,0.8312937206663619,0.511485228054602,-0.21177124531533148,0.146268096813735,0.2262133453844216,-0.17202133524791552,0.30258021268325924,0.6867287661279601,0.11623998035715886,0.1649404428635349,0.5057654459001596,-0.23501088903553974,-0.12592934591607946,0.05346668765243336,-0.037525777025345854,-0.17916600183358744,0.5077735198180012,0.11184985337428131,-0.1219717768382665,0.009355339618820579,0.4478042041983569,0.041373061708167465,-0.02903828726554926,1.0,0.14316081438585768,-0.14444105187238676,0.36410314042020075,-0.013713767370358723,0.1382765642544373,0.4481596882063892,0.42405583656987916,0.19409211465895837,0.6891876290986202,-0.0848677236617845,0.5655978233052706,0.4995070044429498,0.568795487677354,-0.07525406196870701,0.22046453744861683,-0.16731205516523157,0.14391731209166866,-0.15553317917455226,-0.031203826334314736,-0.2136048671256536,-0.13410266127881612,0.20823686578665832,0.08754774175245911,0.04103179893964294,0.4888625784834224
lighter,0.14870667727885206,0.005463450156555024,-0.43553513116615167,-0.06279404952412962,-0.5735856393773839,0.2726935613450788,0.7684794422416933,-0.5492653742835221,0.5056218820450296,-0.08112166814373835,-0.5567919771832444,-0.5129405095968221,0.4814093409880973,0.024735610978242936,-0.6010577994595279,0.4942835860528745,0.7571713541863262,0.6482925399590536,-0.27642888177578995,-0.14024078618735739,0.5488334140429675,0.34772070152366175,-0.6037641939417767,0.881051761664136,0.14316081438585768,1.0,0.2745852640315681,-0.5634171554113917,-0.4381456260495385,0.44020813493438554,-0.04556479762934481,0.5755851715729251,0.5019604609872008,0.4618600206134352,0.5824547320529592,-0.41252942655838204,0.2949558638595098,0.5538743510771083,-0.6243954613928285,-0.5649943081278386,-0.5207253253591024,0.8438334930528427,-0.5729614592256365,0.7689779312421993,0.38718491815014544,-0.5323519233975752,0.9172901045871139,-0.0025845737049359284,0.6110767411127139,0.5206748412180546
interview,-0.3010283914856323,-0.2594160874020768,-0.6593070315280841,0.756542354793512,0.05825443358480558,0.7420754298670786,0.6659162400002636,-0.34741327283019313,-0.04497899281713132,0.6936040903261841,-0.1186485300062464,-0.5875875128064364,0.8202695955969931,0.8207075186223263,-0.017044692825999123,0.7390379682740528,0.676506805056036,0.24697162568940081,0.5485034278851793,0.7028050484266957,0.7670124623185733,-0.5830254880832734,-0.08551741585521722,0.3668866768721193,-0.14444105187238676,0.2745852640315681,1.0,-0.3676057907540093,0.4228252485833052,0.8415746532348368,0.3822879934770807,0.5752266811787954,0.8012222036982227,-0.048207890597484454,0.8093142211648614,-0.5154740128592941,-0.5495525710719672,-0.3297589654247926,0.19110656685173952,-0.07666431532298557,0.40572746345252697,0.247622655141502,0.15785085184106076,0.6019840225182639,0.945810322180736,0.43925195898888875,0.06295489097773044,0.6999631076192959,0.6288591740053785,-0.43894048740252506
lion_roar,0.35370521737902694,0.5005468134121125,0.7711349229878541,-0.054614149056346664,0.7610194915138765,-0.06628923684106275,-0.7207272598515133,0.9558567034753693,0.1327895498106166,0.13313596647433992,0.8358178924679428,0.8450111660813179,-0.5769088564777194,-0.0711761344707349,0.7710527311107362,-0.4335274046561806,-0.6952219687479578,-0.1490671770800083,0.29762282061081036,0.06942770451024367,-0.5101266880420309,0.06616064504008518,0.8160248777662227,-0.7028777098298211,0.36410314042020075,-0.5634171554113917,-0.3676057907540093,1.0,0.3970211113499368,-0.24182658702193002,0.40144717001403957,-0.21950390885371715,-0.24592731410013022,0.13910003012541844,-0.5662834668792334,0.9076482639812532,0.09047191055983052,-0.06415576665840897,0.5953911888349865,0.8203424956944525,0.37866055219609007,-0.5711551415191328,0.5466513530916864,-0.6759400213109363,-0.5304334409129126,0.3832811679365676,-0.464309824013026,0.03960314109871801,-0.6222791748884741,-0.10501389726504552
mud_bubbling,-0.12155700715634854,0.014567457763062333,0.03105074111794822,0.5943471734636254,0.5066252639486051,0.41257670722061307,-0.13451848855747667,0.3796407206304457,-0.11975860617446128,0.6973693544026127,0.4903792956704171,0.09612376679643968,0.23657225581297037,0.5652712260233841,0.5481930399435883,0.1750045533703284,-0.10046606604110431,-0.08767652924312971,0.8572117595166849,0.7037388029463411,0.14023939756875312,-0.5323169891972379,0.5396513275244161,-0.32676901933716723,-0.013713767370358723,-0.4381456260495385,0.4228252485833052,0.3970211113499368,1.0,0.3601175375836702,0.6148187061161859,0.20271719659692672,0.24389564589335372,-0.08890622677410133,0.16907336155227243,0.22601276075144774,-0.46537102336842956,-0.5263787897261404,0.7459770296190702,0.4465269928193292,0.8515714444386868,-0.3479839303199556,0.6932371094972235,-0.10351983326997288,0.29383403926259993,0.8680094928470052,-0.4733850267352693,0.6276694280535047,-0.07052892932496588,-0.5376575291771503
male_choir,-0.04146142756845214,-0.011688543805612194,-0.47326594647390186,0.7705477301119759,0.09579937556866475,0.7993454535118875,0.653172811489692,-0.2052893715925847,0.25873932648020387,0.6871013981297579,-0.10257500481067883,-0.41974942364652,0.7363120874990592,0.8475780980541647,0.008356550963195828,0.7875416074319299,0.6788958898733078,0.46443119374121083,0.4250658115593722,0.5683811326783234,0.8457138237227684,-0.33181044013211364,-0.028797052181969398,0.4737378964519431,0.1382765642544373,0.44020813493438554,0.8415746532348368,-0.24182658702193002,0.3601175375836702,1.0,0.47329641181540755,0.7949050531489186,0.9554231827906392,0.21872587532603124,0.8497805786937049,-0.33729536745692623,-0.2943606959707843,-0.06468220822715434,0.14534791830785826,-0.017027433886182036,0.3117377723118645,0.4271331341904998,0.13810027937274377,0.6395927566970279,0.8086035607876603,0.32610182204695537,0.2544587502433056,0.7275629487014826,0.6575920041932076,-0.15962788986249324
people_running,0.38544931951533473,0.3976889935918226,0.24783531330602626,0.3977183765534364,0.39890145396156257,0.7194074071069539,-0.00920450239293929,0.40783242702061717,0.32305001843484876,0.6156570207714506,0.4413613771522955,0.2800699536322464,0.15562592842873654,0.44035467965080716,0.318964607255023,0.16369029476230032,-0.004432739466775881,0.3436983361441426,0.6701610725969755,0.4966178872931841,0.2455651450369516,-0.11340679159546391,0.34241771646615043,-0.14192631162818078,0.4481596882063892,-0.04556479762934481,0.3822879934770807,0.40144717001403957,0.6148187061161859,0.47329641181540755,1.0,0.392472841794278,0.3902029906072037,0.38135111371937674,0.21718443264876452,0.39578636866884287,-0.04585165715242813,0.033362718164787364,0.45238742545645233,0.3935710512654867,0.498343927343913,-0.010834703988690624,0.43120385195263194,-0.006558378497467011,0.24076848752538552,0.4937315658011955,-0.091958439887302,0.5267348868317082,0.07016504311924951,-0.08753360255295092
person_laughing,0.3098208721323183,0.21918947257721766,-0.2973344168473339,0.39433027049079283,-0.11791661334929905,0.6019509086151698,0.6209157976137661,-0.2066912444120842,0.5135705814584653,0.5405173750890161,-0.2079587298573059,-0.2952176008231216,0.6220214462600303,0.5030974609235074,-0.15135519388821128,0.7190155418238278,0.637939014817148,0.658479529630699,0.3051271684355044,0.38718911398677586,0.7393041027774898,0.06280176615622977,-0.1843179278313813,0.5710267932904107,0.42405583656987916,0.5755851715729251,0.5752266811787954,-0.21950390885371715,0.20271719659692672,0.7949050531489186,0.392472841794278,1.0,0.838126438861492,0.48826315534978615,0.7309147071952318,-0.19530556503516794,0.08556362945688316,0.32612712667041716,-0.1415753753334289,-0.18964874715329477,0.03724862807746998,0.5913765980544662,-0.17802834869409753,0.7004770195062703,0.5778946112701856,0.05405989751834412,0.4922261603862313,0.5565089429961162,0.6608916457305817,0.21525361674251603
person_singing,0.026187592489814362,0.03982223930751299,-0.46489925151620726,0.6898172445383406,0.09618212200266046,0.7409022720839679,0.6574416912107425,-0.2190403505452995,0.3368032444147171,0.6371972497953915,-0.12157951176572855,-0.41439383906061694,0.7215851852606836,0.7858979068427365,-0.016701048271601432,0.7986511279505908,0.6840981772028185,0.5098971820113186,0.34867050312122705,0.5127318558233058,0.839830183495018,-0.2606576695165275,-0.05774922097879285,0.49897332968054925,0.19409211465895837,0.5019604609872008,0.8012222036982227,-0.24592731410013022,0.24389564589335372,0.9554231827906392,0.3902029906072037,0.838126438861492,1.0,0.2663083243090031,0.841589314833773,-0.32411316808270807,-0.23399544567866168,0.0360110238312335,0.06351699160272424,-0.0082195237051626,0.1829148708298899,0.44977952129011906,0.04307322409092465,0.6589252527352794,0.776004819092907,0.20025524756315477,0.34115942400335075,0.6728080451860358,0.7000913778194392,-0.08733791117654555
person_speaking_in_natural_scene,0.6870660823169683,0.5941249759575027,0.24843641771380154,-0.21423528446257734,-0.11268890867833707,0.2871714805125906,0.17555283946067973,0.10885842320768838,0.7478093839811508,0.042288305830047994,-0.010648541771538247,0.1849470824735649,-0.02907369426287116,-0.14007499703752707,-0.11356049138623933,0.07344584745634603,0.17278889536824243,0.9117940876423969,0.008967678120098164,-0.16266755462182378,0.08552451544621963,0.5668843561093291,-0.1068567636430391,0.23543011894736363,0.6891876290986202,0.4618600206134352,-0.048207890597484454,0.13910003012541844,-0.08890622677410133,0.21872587532603124,0.38135111371937674,0.48826315534978615,0.2663083243090031,1.0,0.07784137602903424,0.3607981212461554,0.5813930923098636,0.7161066528034575,-0.24256814951243955,-0.019299314109732194,-0.2883802366199504,0.44798968099036923,-0.23458387459727265,0.2266285761364585,-0.02162300345042121,-0.28321100488337864,0.5861514161387944,0.04977609466791893,0.3247554831149717,0.5983451726494988
piano_player,-0.18850709873792854,-0.2459806302184531,-0.7028095397222406,0.5656522157988727,-0.23767391836689458,0.6499127173049039,0.7988957574636344,-0.5174532233557775,0.14933611345484715,0.5027235716520508,-0.38406266170406506,-0.6910931127805986,0.9133862158785835,0.6591059583115773,-0.30567734187847495,0.8681046604443757,0.8181881138206285,0.39086939027734874,0.2858714551092375,0.508546852688564,0.9638391155008527,-0.2737807630519371,-0.3293872615872267,0.6995391574379205,-0.0848677236617845,0.5824547320529592,0.8093142211648614,-0.5662834668792334,0.16907336155227243,0.8497805786937049,0.21718443264876452,0.7309147071952318,0.841589314833773,0.07784137602903424,1.0,-0.6116429336352489,-0.24496816397615886,-0.04495861691868932,-0.14622092332416725,-0.3570754603752351,0.09489432785462128,0.5794373772677646,-0.12287471488463308,0.8195329372322431,0.8490303377155606,0.07072584791825116,0.3964906689165938,0.5597310638178324,0.7702729379938305,-0.08686464751534831
pig_oink,0.5700555243517113,0.6632145649580065,0.8521386283071233,-0.29986255949072,0.5825937290080331,-0.11837998150478858,-0.7148159332510318,0.8781198050823902,0.3500725751108997,-0.052255468134137006,0.7399064467665408,0.8673496001043531,-0.6427062055094888,-0.2928568741740031,0.6112650500648219,-0.5034965234559428,-0.7020779462593438,0.02746416498462945,0.19196534630959577,-0.1543061788320955,-0.5553648984133225,0.335073202989625,0.6409099122491017,-0.5928870209137773,0.5655978233052706,-0.41252942655838204,-0.5154740128592941,0.9076482639812532,0.22601276075144774,-0.33729536745692623,0.39578636866884287,-0.19530556503516794,-0.32411316808270807,0.3607981212461554,-0.6116429336352489,1.0,0.35526953652874244,0.1996470600789062,0.4079685782497351,0.6877251441990002,0.13838429312778353,-0.42492609076958276,0.3838732878586315,-0.6226346677009476,-0.644261044678209,0.15742901069203946,-0.2645339367115941,-0.13866523055622126,-0.5791425158874655,0.17377856166582004
plane_taking_off,0.599929244495987,0.4025753161163705,0.4537209993544559,-0.6566672909008926,-0.32909306386595355,-0.26625982054251823,-0.14423024005978413,0.10567889825380329,0.5219454324398043,-0.4580554759900889,-0.17442576690772102,0.33593832313848015,-0.4241605409399894,-0.610260873481586,-0.2707762446223742,-0.2346052015146628,-0.172067251783271,0.4137931768561623,-0.4635813055235089,-0.6444300492062235,-0.19932181186219816,0.968714023513389,-0.23510660637634861,0.19916999923917825,0.4995070044429498,0.2949558638595098,-0.5495525710719672,0.09047191055983052,-0.46537102336842956,-0.2943606959707843,-0.04585165715242813,0.08556362945688316,-0.23399544567866168,0.5813930923098636,-0.24496816397615886,0.35526953652874244,1.0,0.8120016535387866,-0.48212536724774147,-0.21503413875162944,-0.5740799288094193,0.3800459156438398,-0.41026346866117724,-0.018152197168481425,-0.500010275901275,-0.6306491615555124,0.5085310437220423,-0.448443222541247,0.022726851786109347,0.8835771772700469
police_car_with_siren,0.6481411009876638,0.4565553223845933,0.2748544596944524,-0.5299550735943801,-0.41312671845389287,-0.023507146136187745,0.12634697084895277,-0.05941657869259637,0.6493959890682408,-0.32382443853901,-0.26896435645409483,0.17296359797825,-0.20737791894769902,-0.45382829770811867,-0.38184854859565714,-0.022740966361849184,0.08253247182031744,0.6432836413938969,-0.4409214413011625,-0.47558947262155227,-0.013618703813718214,0.853532956517542,-0.3803652364976541,0.35326996971539665,0.568795487677354,0.5538743510771083,-0.3297589654247926,-0.06415576665840897,-0.5263787897261404,-0.06468220822715434,0.033362718164787364,0.32612712667041716,0.0360110238312335,0.7161066528034575,-0.04495861691868932,0.1996470600789062,0.8120016535387866,1.0,-0.634737993493896,-0.3120871025917692,-0.639442541262669,0.467180915098394,-0.6007253894587972,0.19811225178807998,-0.2723979505070498,-0.6625315622627377,0.6911030904909053,-0.30025675726052053,0.3163582748162054,0.9265599374132643
rain,-0.1633206159736598,0.04794866636669396,0.23752024425854723,0.5295547383410035,0.8161947889787706,0.17694643107057909,-0.4389540054550297,0.6045257268352595,-0.2231336701366895,0.4217723203270318,0.7573542764543054,0.31990867139185125,-0.08114227696188848,0.48380877732065564,0.7781446806595238,-0.12901235824051846,-0.3848199531227654,-0.31330771330111234,0.6841495213162553,0.4154991358247485,-0.16582752922035712,-0.53146516407634,0.7901050944546809,-0.6134244441758703,-0.07525406196870701,-0.6243954613928285,0.19110656685173952,0.5953911888349865,0.7459770296190702,0.14534791830785826,0.45238742545645233,-0.1415753753334289,0.06351699160272424,-0.24256814951243955,-0.14622092332416725,0.4079685782497351,-0.48212536724774147,-0.634737993493896,1.0,0.7678869985527722,0.8000615276206956,-0.6267151746187745,0.9617821798944381,-0.45403285867888427,0.058427575394400154,0.8362012280972528,-0.665132868424127,0.35870340511903326,-0.37332136101609964,-0.6421229493498172
